year,quarter,operatingIncome
2023,3,211000000
2023,2,337000000
2023,1,-186000000
2022,4,23000000
2022,3,62000000
2022,2,187000000
2022,1,-202000000
2021,4,39000000
2021,3,258000000
2021,2,549000000
2021,1,-161000000
2020,4,-595000000
2020,3,-571000000
2020,2,-288000000
2020,1,-321000000
2019,4,252000000
2019,3,422000000
2019,2,364000000
2019,1,25000000
2018,4,46000000
2018,3,297000000
2018,2,271000000
2018,1,29000000
2017,4,137000000
2017,3,427000000
2017,2,487000000
2017,1,157000000
2016,4,198000000
2016,3,400000000
2016,2,418000000
2016,1,290000000
2015,4,255000000
2015,3,433000000
2015,2,372000000
2015,1,238000000
2014,4,242000000
2014,3,316000000
2014,2,263000000
2014,1,141000000
2013,4,130000000
2013,3,470000000
2013,2,174000000
2013,1,64000000
2012,4,74000000
2012,3,269000000
2012,2,116000000
2012,1,72000000
2011,4,114200000
2011,3,143200000
2011,2,57800000
2011,1,133800000
2010,4,118700000
2010,3,216900000
2010,2,109700000
2010,1,25700000
2009,4,52800000
2009,3,159800000
2009,2,66700000
